#DataThief /home/luuk/Pictures/Screenshot from 2020-11-13 12-28-16.png Friday 13-Nov-2020 12:44:25 PM
1974.379746, 49.31635
1974.412326, 49.316114
1974.444933, 49.434166
1974.477513, 49.43393
1974.51012, 49.551983
1974.542727, 49.670035
1974.575307, 49.669799
1974.607914, 49.787852
1974.640493, 49.787615
1974.6731, 49.905668
1974.70568, 49.905432
1974.738287, 50.023485
1974.770867, 50.023249
1974.803447, 50.023013
1974.836026, 50.022777
1974.868606, 50.022541
1974.901186, 50.022305
1974.933765, 50.022069
1974.966373, 50.140122
1974.998952, 50.139886
1975.031532, 50.13965
1975.064139, 50.257702
1975.096719, 50.257466
1975.129299, 50.25723
1975.129326, 50.375519
1975.161906, 50.375283
1975.194486, 50.375047
1975.227065, 50.374811
1975.259645, 50.374575
1975.292225, 50.374339
1975.324803, 50.374103
1975.357384, 50.373867
1975.389964, 50.373631
1975.422544, 50.373395
1975.45515, 50.491448
1975.48773, 50.491212
1975.520338, 50.609264
1975.552945, 50.727317
1975.585524, 50.727081
1975.618104, 50.726845
1975.650711, 50.844897
1975.683291, 50.84466
1975.715898, 50.962714
1975.748478, 50.962478
1975.781057, 50.962242
1975.781085, 51.08053
1975.813664, 51.080294
1975.846271, 51.198347
1975.878851, 51.198111
1975.91143, 51.197875
1975.944011, 51.197639
1975.976589, 51.197403
1976.00917, 51.197167
1976.04175, 51.196931
1976.074357, 51.314983
1976.106937, 51.314747
1976.139516, 51.314511
1976.172096, 51.314275
1976.204703, 51.432328
1976.237283, 51.432092
1976.269863, 51.431856
1976.302442, 51.43162
1976.335049, 51.549672
1976.367629, 51.549437
1976.400236, 51.667489
1976.432815, 51.667253
1976.465396, 51.667017
1976.497975, 51.66678
1976.530555, 51.666545
1976.563135, 51.666309
1976.595715, 51.666073
1976.628294, 51.665837
1976.660874, 51.665601
1976.693454, 51.665366
1976.726061, 51.783418
1976.726087, 51.901706
1976.758668, 51.90147
1976.791248, 51.901234
1976.823827, 51.900999
1976.856434, 52.019051
1976.889014, 52.018815
1976.921621, 52.136867
1976.9542, 52.136632
1976.986781, 52.136396
1976.986808, 52.254684
1977.019388, 52.254448
1977.051995, 52.3725
1977.084575, 52.372265
1977.117154, 52.372029
1977.149761, 52.490081
1977.182341, 52.489844
1977.182369, 52.608133
1977.214976, 52.726186
1977.247555, 52.72595
1977.280162, 52.844002
1977.28019, 52.962291
1977.312769, 52.962054
1977.345377, 53.080107
1977.377984, 53.19816
1977.410563, 53.197924
1977.443143, 53.197688
1977.475723, 53.197452
1977.50833, 53.315504
1977.540937, 53.433557
1977.573517, 53.433321
1977.606096, 53.433085
1977.638703, 53.551137
1977.671282, 53.550901
1977.671311, 53.66919
1977.70389, 53.668954
1977.736497, 53.787005
1977.769104, 53.905059
1977.801683, 53.904823
1977.801711, 54.023111
1977.834291, 54.022875
1977.866898, 54.140928
1977.899478, 54.140692
1977.932058, 54.140456
1977.964637, 54.14022
1977.997217, 54.139984
1978.029797, 54.139748
1978.062404, 54.2578
1978.095011, 54.375853
1978.127618, 54.493905
1978.160225, 54.611958
1978.192805, 54.611721
1978.225385, 54.611486
1978.257964, 54.61125
1978.290544, 54.611014
1978.323124, 54.610778
1978.355704, 54.610542
1978.388311, 54.728594
1978.42089, 54.728359
1978.453497, 54.846411
1978.486104, 54.964462
1978.518684, 54.964227
1978.551264, 54.963991
1978.583844, 54.963756
1978.616423, 54.96352
1978.64903, 55.081572
1978.649058, 55.19986
1978.681665, 55.317913
1978.714245, 55.317677
1978.746824, 55.317441
1978.779404, 55.317205
1978.811984, 55.316969
1978.844564, 55.316733
1978.877143, 55.316497
1978.909723, 55.316261
1978.94233, 55.434314
1978.97491, 55.434078
1979.00749, 55.433842
1979.040097, 55.551893
1979.072676, 55.551658
1979.105256, 55.551422
1979.105283, 55.669711
1979.137863, 55.669475
1979.170443, 55.669239
1979.203023, 55.669003
1979.20305, 55.787291
1979.203077, 55.90558
1979.235657, 55.905344
1979.268237, 55.905108
1979.268264, 56.023396
1979.300844, 56.02316
1979.333424, 56.022924
1979.366031, 56.140977
1979.39861, 56.140741
1979.43119, 56.140505
1979.46377, 56.140269
1979.496377, 56.258321
1979.528957, 56.258085
1979.561564, 56.376138
1979.594142, 56.375902
1979.62675, 56.493954
1979.659357, 56.612007
1979.691965, 56.730059
1979.724572, 56.848112
1979.757179, 56.966164
1979.789785, 57.084217
1979.822393, 57.202269
1979.854973, 57.202033
1979.887552, 57.201797
1979.920132, 57.20156
1979.952712, 57.201325
1979.985291, 57.201089
1980.017899, 57.319142
1980.050478, 57.318906
1980.083085, 57.436958
1980.115665, 57.436722
1980.148272, 57.554775
1980.180852, 57.554539
1980.213459, 57.672591
1980.246066, 57.790644
1980.278646, 57.790408
1980.311253, 57.90846
1980.343833, 57.908224
1980.376412, 57.907988
1980.408992, 57.907752
1980.441572, 57.907516
1980.474151, 57.90728
1980.506731, 57.907044
1980.506759, 58.025333
1980.539337, 58.025097
1980.539366, 58.143385
1980.571972, 58.261438
1980.572, 58.379726
1980.604607, 58.497779
1980.637214, 58.615831
1980.637241, 58.734119
1980.669849, 58.852172
1980.669876, 58.97046
1980.702456, 58.970224
1980.735034, 58.969987
1980.767615, 58.969752
1980.800167, 58.851227
1980.832747, 58.850992
1980.865327, 58.850756
1980.897907, 58.85052
1980.930486, 58.850284
1980.963066, 58.850048
1980.995673, 58.9681
1981.028253, 58.967865
1981.06086, 59.085917
1981.093467, 59.20397
1981.126047, 59.203734
1981.158654, 59.321786
1981.191234, 59.32155
1981.223841, 59.439603
1981.256419, 59.439367
1981.289, 59.439131
1981.32158, 59.438895
1981.35416, 59.438659
1981.386739, 59.438423
1981.419319, 59.438187
1981.451899, 59.437951
1981.484478, 59.437715
1981.517058, 59.437479
1981.549637, 59.437243
1981.582218, 59.437007
1981.614797, 59.436771
1981.647377, 59.436535
1981.679957, 59.436299
1981.712564, 59.554352
1981.745171, 59.672404
1981.777778, 59.790457
1981.810385, 59.908509
1981.842992, 60.026562
1981.875599, 60.144614
1981.908205, 60.262667
1981.940786, 60.262431
1981.973393, 60.380483
1982.005973, 60.380247
1982.038553, 60.380011
1982.07116, 60.498064
1982.103767, 60.616115
1982.136346, 60.61588
1982.168926, 60.615644
1982.201506, 60.615408
1982.234086, 60.615172
1982.266693, 60.733225
1982.299272, 60.732989
1982.33188, 60.851041
1982.364459, 60.850805
1982.397066, 60.968858
1982.429646, 60.968621
1982.462226, 60.968386
1982.494806, 60.96815
1982.527385, 60.967914
1982.559965, 60.967678
1982.592544, 60.967442
1982.625124, 60.967206
1982.657703, 60.966969
1982.690284, 60.966734
1982.722891, 61.084787
1982.755471, 61.084551
1982.78805, 61.084315
1982.82063, 61.084079
1982.853237, 61.202131
1982.885816, 61.201895
1982.918397, 61.201659
1982.950976, 61.201423
1982.983556, 61.201187
1983.016136, 61.20095
1983.048743, 61.319004
1983.08135, 61.437056
1983.11393, 61.43682
1983.146537, 61.554873
1983.146564, 61.673161
1983.179171, 61.791214
1983.179199, 61.909502
1983.211806, 62.027555
1983.211833, 62.145843
1983.244413, 62.145607
1983.27702, 62.263659
1983.309599, 62.263423
1983.342179, 62.263188
1983.374786, 62.38124
1983.407393, 62.499292
1983.44, 62.617345
1983.47258, 62.617109
1983.50516, 62.616873
1983.537739, 62.616636
1983.570319, 62.616401
1983.602926, 62.734454
1983.635533, 62.852506
1983.66814, 62.970558
1983.70072, 62.970322
1983.733299, 62.970087
1983.76588, 62.969851
1983.798459, 62.969615
1983.831039, 62.969379
1983.863646, 63.087431
1983.896226, 63.087195
1983.896253, 63.205484
1983.928833, 63.205248
1983.96144, 63.3233
1983.99402, 63.323064
1984.026627, 63.441117
1984.059207, 63.440881
1984.091786, 63.440645
1984.124366, 63.440409
1984.156946, 63.440173
1984.156973, 63.55846
1984.189553, 63.558225
1984.222133, 63.557989
1984.254712, 63.557753
1984.287291, 63.557517
1984.319899, 63.67557
1984.352479, 63.675333
1984.385086, 63.793386
1984.417692, 63.911439
1984.450273, 63.911203
1984.48288, 64.029255
1984.51546, 64.029019
1984.548039, 64.028783
1984.580646, 64.146836
1984.613226, 64.1466
1984.645833, 64.264651
1984.67844, 64.382705
1984.711047, 64.500757
1984.743627, 64.500521
1984.776206, 64.500284
1984.808787, 64.500049
1984.841365, 64.499813
1984.873972, 64.617866
1984.906553, 64.61763
1984.90658, 64.735917
1984.93916, 64.735682
1984.97174, 64.735446
1985.004347, 64.853499
1985.036927, 64.853263
1985.069534, 64.971315
1985.102141, 65.089368
1985.13472, 65.089132
1985.167328, 65.207184
1985.199907, 65.206948
1985.232486, 65.206712
1985.265067, 65.206475
1985.297646, 65.206241
1985.330226, 65.206005
1985.362806, 65.205769
1985.395386, 65.205533
1985.427965, 65.205297
1985.460545, 65.205061
1985.493125, 65.204825
1985.525704, 65.204589
1985.558284, 65.204353
1985.590891, 65.322405
1985.623498, 65.440458
1985.656105, 65.55851
1985.656133, 65.676799
1985.68874, 65.794851
1985.721347, 65.912904
1985.753927, 65.912668
1985.786506, 65.912432
1985.819086, 65.912196
1985.851666, 65.91196
1985.884246, 65.911724
1985.916825, 65.911487
1985.949405, 65.911252
1985.982012, 66.029304
1986.014592, 66.029068
1986.047172, 66.028832
1986.079751, 66.028597
1986.112331, 66.028361
1986.112358, 66.146649
1986.144938, 66.146413
1986.177518, 66.146177
1986.210125, 66.26423
1986.242705, 66.263994
1986.275312, 66.382045
1986.307919, 66.500098
1986.340498, 66.499863
1986.373106, 66.617915
1986.405685, 66.617678
1986.438265, 66.617443
1986.470872, 66.735495
1986.503452, 66.73526
1986.503479, 66.853548
1986.536058, 66.853311
1986.568666, 66.971364
1986.601273, 67.089417
1986.633853, 67.089181
1986.63388, 67.207469
1986.66646, 67.207233
1986.699066, 67.325286
1986.731674, 67.443338
1986.764254, 67.443102
1986.796834, 67.442866
1986.829413, 67.44263
1986.861993, 67.442394
1986.894572, 67.442159
1986.927152, 67.441923
1986.959732, 67.441687
1986.992312, 67.441451
1987.024892, 67.441215
1987.057499, 67.559267
1987.090106, 67.67732
1987.122685, 67.677084
1987.155265, 67.676848
1987.187872, 67.7949
1987.220452, 67.794664
1987.253059, 67.912717
1987.285666, 68.030769
1987.318246, 68.030533
1987.350853, 68.148585
1987.383433, 68.14835
1987.41604, 68.266402
1987.448618, 68.266166
1987.481199, 68.26593
1987.481227, 68.384218
1987.481254, 68.502507
1987.513861, 68.620559
1987.546468, 68.738612
1987.579075, 68.856663
1987.611682, 68.974717
1987.644289, 69.092769
1987.676869, 69.092533
1987.709449, 69.092297
1987.742056, 69.21035
1987.774635, 69.210114
1987.807215, 69.209878
1987.839821, 69.32793
1987.872402, 69.327694
1987.905009, 69.445747
1987.937616, 69.563799
1987.970196, 69.563563
1988.002803, 69.681616
1988.035383, 69.681379
1988.06799, 69.799432
1988.100569, 69.799196
1988.133176, 69.917249
1988.133204, 70.035537
1988.13323, 70.153826
1988.133259, 70.272114
1988.165866, 70.390166
1988.198445, 70.38993
1988.231025, 70.389695
1988.263605, 70.389459
1988.296212, 70.507511
1988.328792, 70.507275
1988.361371, 70.507039
1988.393978, 70.625092
1988.394006, 70.74338
1988.426585, 70.743144
1988.426613, 70.861432
1988.45922, 70.979485
1988.491827, 71.097537
1988.491854, 71.215826
1988.524433, 71.21559
1988.524461, 71.333878
1988.557068, 71.451931
1988.589648, 71.451695
1988.622255, 71.569747
1988.654834, 71.56951
1988.687415, 71.569275
1988.719994, 71.569039
1988.752574, 71.568803
1988.785154, 71.568567
1988.817734, 71.568331
1988.850312, 71.568095
1988.882893, 71.567859
1988.9155, 71.685912
1988.94808, 71.685676
1988.980659, 71.68544
1989.013267, 71.803491
1989.045874, 71.921545
1989.078453, 71.921309
1989.111033, 71.921073
1989.143613, 71.920837
1989.176193, 71.920601
1989.208772, 71.920364
1989.241352, 71.920129
1989.273959, 72.038182
1989.273986, 72.15647
1989.306594, 72.274523
1989.339173, 72.274287
1989.371753, 72.274051
1989.40436, 72.392103
1989.436939, 72.391867
1989.46952, 72.391631
1989.502098, 72.391395
1989.534706, 72.509448
1989.567286, 72.509212
1989.599893, 72.627264
1989.632499, 72.745317
1989.66508, 72.74508
1989.69766, 72.744845
1989.730267, 72.862897
1989.762846, 72.862661
1989.795426, 72.862425
1989.828006, 72.862188
1989.860586, 72.861953
1989.893165, 72.861717
1989.925745, 72.861481
1989.958352, 72.979534
1989.990932, 72.979298
1990.023539, 73.09735
1990.056146, 73.215403
1990.088726, 73.215167
1990.121306, 73.214931
1990.153885, 73.214695
1990.186491, 73.332747
1990.219072, 73.332512
1990.251652, 73.332276
1990.284232, 73.33204
1990.316811, 73.331804
1990.349391, 73.331567
1990.381971, 73.331332
1990.41455, 73.331096
1990.44713, 73.33086
1990.479737, 73.448912
1990.512317, 73.448676
1990.544897, 73.44844
1990.577504, 73.566493
1990.61011, 73.684545
1990.610138, 73.802834
1990.642745, 73.920885
1990.675352, 74.038939
1990.707932, 74.038703
1990.740511, 74.038467
1990.773119, 74.156519
1990.805699, 74.156283
1990.838277, 74.156047
1990.870858, 74.155811
1990.903438, 74.155575
1990.936017, 74.155339
1990.968624, 74.273392
1991.001204, 74.273156
1991.033784, 74.27292
1991.066391, 74.390972
1991.098971, 74.390736
1991.098998, 74.509024
1991.131605, 74.627076
1991.164185, 74.626841
1991.196792, 74.744894
1991.196819, 74.863182
1991.229399, 74.862946
1991.262006, 74.980999
1991.294613, 75.099051
1991.327193, 75.098815
1991.359773, 75.098579
1991.392325, 74.980055
1991.424904, 74.979819
1991.457457, 74.861295
1991.490037, 74.861059
1991.522616, 74.860823
1991.555196, 74.860587
1991.587775, 74.860351
1991.620329, 74.741826
1991.652908, 74.741591
1991.685487, 74.741355
1991.718068, 74.741118
1991.750675, 74.859171
1991.783255, 74.858935
1991.815862, 74.976988
1991.848469, 75.09504
1991.881048, 75.094803
1991.913654, 75.212857
1991.946235, 75.212621
1991.978815, 75.212385
1992.011395, 75.212149
1992.044002, 75.330201
1992.076581, 75.329965
1992.109189, 75.448018
1992.141768, 75.447782
1992.174348, 75.447546
1992.206928, 75.447309
1992.239535, 75.565362
1992.272114, 75.565126
1992.304694, 75.56489
1992.337301, 75.682942
1992.369881, 75.682707
1992.402461, 75.682471
1992.402488, 75.800759
1992.435068, 75.800523
1992.467648, 75.800287
1992.500227, 75.80005
1992.532807, 75.799815
1992.565359, 75.68129
1992.597939, 75.681055
1992.630519, 75.680819
1992.663098, 75.680583
1992.695678, 75.680347
1992.728257, 75.680111
1992.760838, 75.679875
1992.793418, 75.67964
1992.825997, 75.679404
1992.858577, 75.679168
1992.891157, 75.678932
1992.923736, 75.678696
1992.956316, 75.678459
1992.988896, 75.678224
1993.021476, 75.677988
1993.054055, 75.677752
1993.054083, 75.79604
1993.08669, 75.914093
1993.11927, 75.913857
1993.151849, 75.913621
1993.151877, 76.031909
1993.184456, 76.031673
1993.217036, 76.031437
1993.249616, 76.031201
1993.282196, 76.030965
1993.314775, 76.03073
1993.347355, 76.030494
1993.379962, 76.148546
1993.412569, 76.266598
1993.445149, 76.266363
1993.477729, 76.266127
1993.510308, 76.26589
1993.542888, 76.265655
1993.575495, 76.383707
1993.608075, 76.383471
1993.640682, 76.501523
1993.673289, 76.619576
1993.705868, 76.61934
1993.738448, 76.619104
1993.771028, 76.618868
1993.803634, 76.736921
1993.836215, 76.736685
1993.868822, 76.854737
1993.901429, 76.97279
1993.934009, 76.972554
1993.966616, 77.090606
1993.999196, 77.09037
1994.031803, 77.208423
1994.064382, 77.208187
1994.096962, 77.207951
1994.129542, 77.207715
1994.162148, 77.325767
1994.194729, 77.325531
1994.227336, 77.443584
1994.259943, 77.561636
1994.292523, 77.5614
1994.32513, 77.679453
1994.325157, 77.797741
1994.357737, 77.797505
1994.390315, 77.797269
1994.422924, 77.915322
1994.455503, 77.915086
1994.455531, 78.033374
1994.48811, 78.033138
1994.520716, 78.151191
1994.553324, 78.269243
1994.585904, 78.269007
1994.618484, 78.268771
1994.651091, 78.386824
1994.683671, 78.386588
1994.683698, 78.504875
1994.716278, 78.50464
1994.748885, 78.622692
1994.781464, 78.622457
1994.814072, 78.740508
1994.846679, 78.858561
1994.879286, 78.976614
1994.911865, 78.976378
1994.944445, 78.976141
1994.977025, 78.975906
1995.009605, 78.97567
1995.042184, 78.975434
1995.074764, 78.975198
1995.107371, 79.093251
1995.139978, 79.211303
1995.172585, 79.329356
1995.205192, 79.447408
1995.20522, 79.565696
1995.205247, 79.683984
1995.205274, 79.802273
1995.237881, 79.920326
1995.270461, 79.92009
1995.303041, 79.919854
1995.335621, 79.919618
1995.3682, 79.919382
1995.40078, 79.919146
1995.43336, 79.91891
1995.46594, 79.918674
1995.498519, 79.918438
1995.531126, 80.03649
1995.563733, 80.154543
1995.596341, 80.272595
1995.628947, 80.390648
1995.661555, 80.5087
1995.694162, 80.626753
1995.726769, 80.744805
1995.759349, 80.744569
1995.791928, 80.744333
1995.791955, 80.862622
1995.824535, 80.862385
1995.857114, 80.86215
1995.889695, 80.861914
1995.922302, 80.979966
1995.954882, 80.97973
1995.987489, 81.097783
1996.020096, 81.215835
1996.052675, 81.215599
1996.085283, 81.333652
1996.117862, 81.333416
1996.150442, 81.33318
1996.183022, 81.332944
1996.215601, 81.332708
1996.248208, 81.45076
1996.280788, 81.450524
1996.313368, 81.450288
1996.345948, 81.450052
1996.378555, 81.568105
1996.411134, 81.567869
1996.411162, 81.686157
1996.443742, 81.685921
1996.476349, 81.803974
1996.508928, 81.803738
1996.541535, 81.92179
1996.574142, 82.039843
1996.606722, 82.039607
1996.639302, 82.039371
1996.671882, 82.039135
1996.704461, 82.038899
1996.737041, 82.038663
1996.76962, 82.038427
1996.802201, 82.038191
1996.834779, 82.037955
1996.86736, 82.037719
1996.89994, 82.037483
1996.932547, 82.155536
1996.965126, 82.1553
1996.997706, 82.155064
1997.030286, 82.154828
1997.062866, 82.154592
1997.062893, 82.27288
1997.095473, 82.272644
1997.128053, 82.272408
1997.16066, 82.390461
1997.193239, 82.390225
1997.225846, 82.508277
1997.258454, 82.62633
1997.291033, 82.626094
1997.32364, 82.744146
1997.35622, 82.74391
1997.3888, 82.743674
1997.42138, 82.743439
1997.453959, 82.743202
1997.486539, 82.742967
1997.519118, 82.742731
1997.551698, 82.742495
1997.551726, 82.860783
1997.584333, 82.978836
1997.61694, 83.096888
1997.649519, 83.096652
1997.682127, 83.214704
1997.714734, 83.332757
1997.747341, 83.450809
1997.747368, 83.569097
1997.779948, 83.568862
1997.812555, 83.686914
1997.812582, 83.805203
1997.845189, 83.923255
1997.877769, 83.923019
1997.877796, 84.041308
1997.910404, 84.15936
1997.942983, 84.159124
1997.975563, 84.158888
1998.008143, 84.158652
1998.04075, 84.276705
1998.040777, 84.394993
1998.073384, 84.513045
1998.105991, 84.631098
1998.138598, 84.74915
1998.171205, 84.867203
1998.203812, 84.985255
1998.20384, 85.103544
1998.203867, 85.221832
1998.203894, 85.34012
1998.236501, 85.458173
1998.269109, 85.576225
1998.301688, 85.575988
1998.301715, 85.694278
1998.334323, 85.81233
1998.366902, 85.812094
1998.399509, 85.930146
1998.399537, 86.048435
1998.432116, 86.048199
1998.464724, 86.166252
1998.497331, 86.284304
1998.529938, 86.402356
1998.562517, 86.402121
1998.595097, 86.401885
1998.627704, 86.519937
1998.660283, 86.519701
1998.692864, 86.519464
1998.725442, 86.519229
1998.758051, 86.637282
1998.79063, 86.637046
1998.82321, 86.63681
1998.855817, 86.754862
1998.888396, 86.754626
1998.920977, 86.75439
1998.921004, 86.872679
1998.953584, 86.872443
1998.986163, 86.872207
1999.018743, 86.871971
1999.05135, 86.990022
1999.08393, 86.989787
1999.083957, 87.108076
1999.116537, 87.10784
1999.149144, 87.225892
1999.181751, 87.343945
1999.214331, 87.343709
1999.24691, 87.343473
1999.27949, 87.343237
1999.31207, 87.343001
1999.34465, 87.342765
1999.377229, 87.342528
1999.409809, 87.342293
1999.442389, 87.342057
1999.474969, 87.341821
1999.507547, 87.341585
1999.507576, 87.459874
1999.540155, 87.459638
1999.572735, 87.459401
1999.605342, 87.577454
1999.637922, 87.577218
1999.670502, 87.576982
1999.703081, 87.576746
1999.735688, 87.694799
1999.768268, 87.694563
1999.800848, 87.694327
1999.833428, 87.694091
1999.866035, 87.812142
1999.898614, 87.811907
1999.931194, 87.811671
1999.963801, 87.929724
1999.996381, 87.929488
2000.028961, 87.929252
2000.061568, 88.047304
2000.094148, 88.047067
2000.126727, 88.046833
2000.159307, 88.046597
2000.159334, 88.164885
2000.191914, 88.164649
2000.224494, 88.164413
2000.257074, 88.164177
2000.289653, 88.163941
2000.32226, 88.281994
2000.354867, 88.400046
2000.387446, 88.39981
2000.420027, 88.399573
2000.452634, 88.517627
2000.485214, 88.517391
2000.485241, 88.635679
2000.517847, 88.753731
2000.550428, 88.753496
2000.583035, 88.871548
2000.583062, 88.989836
2000.615642, 88.9896
2000.648248, 89.107653
2000.680856, 89.225705
2000.713436, 89.225469
2000.746016, 89.225233
2000.778595, 89.224998
2000.811175, 89.224762
2000.843782, 89.342814
2000.876389, 89.460866
2000.908969, 89.46063
2000.941549, 89.460395
2000.974156, 89.578447
2001.006735, 89.578211
2001.039315, 89.577975
2001.071895, 89.577739
2001.104502, 89.695792
2001.137082, 89.695555
2001.137109, 89.813844
2001.169689, 89.813607
2001.202296, 89.931661
2001.234876, 89.931425
2001.267455, 89.931189
2001.300035, 89.930953
2001.332615, 89.930717
2001.365194, 89.930481
2001.397774, 89.930245
2001.430381, 90.048297
2001.462961, 90.048061
2001.495568, 90.166114
2001.495595, 90.284402
2001.528201, 90.402455
2001.560782, 90.402219
2001.593389, 90.520271
2001.625969, 90.520035
2001.658549, 90.519799
2001.691155, 90.637852
2001.723735, 90.637616
2001.756314, 90.637379
2001.788922, 90.755431
2001.821502, 90.755196
2001.854109, 90.873249
2001.886715, 90.991301
2001.919296, 90.991064
2001.951903, 91.109118
2001.984483, 91.108882
2002.017062, 91.108646
2002.049642, 91.10841
2002.082249, 91.226462
2002.114856, 91.344515
2002.147436, 91.344279
2002.180043, 91.462331
2002.18007, 91.58062
2002.21265, 91.580384
2002.245257, 91.698436
2002.277864, 91.816489
2002.310444, 91.816253
2002.310471, 91.93454
2002.343051, 91.934305
2002.375658, 92.052357
2002.408265, 92.17041
2002.440845, 92.170174
2002.440872, 92.288462
2002.473452, 92.288225
2002.506059, 92.406279
2002.538638, 92.406043
2002.571246, 92.524095
2002.603826, 92.523858
2002.603853, 92.642148
2002.60388, 92.760436
2002.603908, 92.878725
2002.603934, 92.997013
2002.603962, 93.115301
2002.636569, 93.233354
2002.669149, 93.233118
2002.701729, 93.232882
2002.734309, 93.232646
2002.766916, 93.350698
2002.799494, 93.350462
2002.832075, 93.350227
2002.864682, 93.468279
2002.897262, 93.468043
2002.929841, 93.467807
2002.929869, 93.586095
2002.962448, 93.58586
2002.995028, 93.585624
2003.027608, 93.585388
2003.060215, 93.70344
2003.092822, 93.821493
2003.125429, 93.939544
2003.158036, 94.057597
2003.190616, 94.057361
2003.223196, 94.057126
2003.255803, 94.175178
2003.28841, 94.293229
2003.321016, 94.411283
2003.321044, 94.529571
2003.353624, 94.529335
2003.386231, 94.647387
2003.386258, 94.765676
2003.418866, 94.883729
2003.451445, 94.883493
2003.451473, 95.001781
2003.48408, 95.119833
2003.516687, 95.237886
2003.549266, 95.23765
2003.581874, 95.355702
2003.614481, 95.473755
2003.647088, 95.591807
2003.679667, 95.591571
2003.712247, 95.591335
2003.744827, 95.591099
2003.777407, 95.590863
2003.809985, 95.590628
2003.842566, 95.590392
2003.875146, 95.590156
2003.907753, 95.708208
2003.940332, 95.707972
2003.972912, 95.707736
2004.005492, 95.7075
2004.038099, 95.825553
2004.070679, 95.825317
2004.070706, 95.943605
2004.103286, 95.943369
2004.135893, 96.061422
2004.1685, 96.179474
2004.20108, 96.179238
2004.201107, 96.297527
2004.233687, 96.297291
2004.266294, 96.415343
2004.298874, 96.415107
2004.331453, 96.414871
2004.364033, 96.414635
2004.396612, 96.414399
2004.429193, 96.414163
2004.461772, 96.413927
2004.494352, 96.413691
2004.526959, 96.531744
2004.526986, 96.650032
2004.559594, 96.768085
2004.592201, 96.886137
2004.62478, 96.885901
2004.657387, 97.003954
2004.689967, 97.003718
2004.722547, 97.003482
2004.755126, 97.003246
2004.787706, 97.00301
2004.820313, 97.121062
2004.852893, 97.120826
2004.85292, 97.239115
2004.885527, 97.357167
2004.918107, 97.35693
2004.950714, 97.474984
2004.950742, 97.593272
2004.983321, 97.593036
2005.015928, 97.711088
2005.048535, 97.829141
2005.081143, 97.947193
2005.11375, 98.065246
2005.113777, 98.183534
2005.113804, 98.301823
2005.146384, 98.301587
2005.146411, 98.419875
2005.146439, 98.538164
2005.179018, 98.537928
2005.211598, 98.537691
2005.244178, 98.537456
2005.276785, 98.655508
2005.309365, 98.655272
2005.341972, 98.773325
2005.374579, 98.891376
2005.407159, 98.891141
2005.439766, 99.009194
2005.472345, 99.008958
2005.504925, 99.008722
2005.504951, 99.12701
2005.537532, 99.126774
2005.570112, 99.126538
2005.570139, 99.244827
2005.602719, 99.244591
2005.635298, 99.244355
2005.667878, 99.244119
2005.700485, 99.362171
2005.733064, 99.361935
2005.765672, 99.479988
2005.798279, 99.59804
2005.830859, 99.597804
2005.863465, 99.715857
2005.896046, 99.715621
2005.928653, 99.833673
2005.961233, 99.833437
2005.99384, 99.95149
2006.026419, 99.951254
2006.058999, 99.951018
2006.091606, 100.06907
2006.124186, 100.068834
2006.124213, 100.187123
2006.15682, 100.305175
2006.1894, 100.304939
2006.222007, 100.422992
2006.222034, 100.54128
2006.254614, 100.541043
2006.287221, 100.659096
2006.319801, 100.658861
2006.352381, 100.658625
2006.38496, 100.658389
2006.41754, 100.658153
2006.45012, 100.657916
2006.4827, 100.657681
2006.515307, 100.775733
2006.547886, 100.775497
2006.547914, 100.893786
2006.580493, 100.893549
2006.613101, 101.011602
2006.64568, 101.011366
2006.678287, 101.129419
2006.710867, 101.129183
2006.743447, 101.128947
2006.776054, 101.246999
2006.808634, 101.246763
2006.841213, 101.246527
2006.873793, 101.246291
2006.9064, 101.364344
2006.93898, 101.364107
2006.97156, 101.363872
2007.004167, 101.481924
2007.036746, 101.481688
2007.069354, 101.59974
2007.101961, 101.717793
2007.134539, 101.717557
2007.167147, 101.83561
2007.199727, 101.835373
2007.232334, 101.953425
2007.264914, 101.95319
2007.297494, 101.952954
2007.330101, 102.071007
2007.362708, 102.189059
2007.395287, 102.188823
2007.427895, 102.306876
2007.460474, 102.30664
2007.493081, 102.424692
2007.525661, 102.424456
2007.558268, 102.542509
2007.590848, 102.542273
2007.623454, 102.660325
2007.656035, 102.660089
2007.688642, 102.778142
2007.721222, 102.777906
2007.753829, 102.895958
2007.786408, 102.895722
2007.819015, 103.013775
2007.851595, 103.013539
2007.884202, 103.131591
2007.916782, 103.131355
2007.949389, 103.249408
2007.981968, 103.249172
2008.014576, 103.367224
2008.047155, 103.366988
2008.079763, 103.485041
2008.112342, 103.484805
2008.144949, 103.602857
2008.177556, 103.72091
2008.210135, 103.720674
2008.242716, 103.720438
2008.275323, 103.83849
2008.307903, 103.838254
2008.34051, 103.956307
2008.373089, 103.956071
2008.405697, 104.074123
2008.438304, 104.192176
2008.470883, 104.19194
2008.50349, 104.309992
2008.53607, 104.309756
2008.568649, 104.30952
2008.601257, 104.427573
2008.633837, 104.427337
2008.666444, 104.545389
2008.69905, 104.663441
2008.731631, 104.663206
2008.731658, 104.781494
2008.764265, 104.899547
2008.796845, 104.899311
2008.829451, 105.017363
2008.862059, 105.135416
2008.894666, 105.253468
2008.927246, 105.253232
2008.927273, 105.37152
2008.95988, 105.489573
2008.99246, 105.489337
2009.025067, 105.607389
2009.025094, 105.725678
2009.057674, 105.725442
2009.090281, 105.843494
2009.12286, 105.843258
2009.15544, 105.843022
2009.18802, 105.842786
2009.220627, 105.960839
2009.253207, 105.960602
2009.285787, 105.960367
2009.318366, 105.960131
2009.350973, 106.078183
2009.383553, 106.077947
2009.41616, 106.196
2009.448767, 106.314052
2009.481347, 106.313816
2009.513954, 106.431869
2009.546533, 106.431633
2009.579141, 106.549685
2009.611721, 106.549449
2009.644328, 106.667502
2009.676907, 106.667266
2009.709487, 106.66703
2009.742094, 106.785082
2009.774674, 106.784846
2009.807281, 106.902899
2009.807308, 107.021187
2009.839915, 107.13924
2009.872522, 107.257292
2009.87255, 107.375581
2009.905157, 107.493633
2009.905184, 107.611921
2009.937791, 107.729974
2009.970397, 107.848026
2009.970426, 107.966315
2010.003033, 108.084367
2010.03564, 108.20242
2010.035667, 108.320708
2010.068247, 108.320472
2010.068274, 108.43876
2010.100854, 108.438524
2010.133434, 108.438289
2010.166013, 108.438053
2010.198593, 108.437817
2010.231173, 108.437581
2010.263753, 108.437345
2010.296305, 108.31882
2010.328885, 108.318584
2010.361464, 108.318349
2010.394044, 108.318112
2010.426651, 108.436165
2010.459231, 108.435929
2010.491838, 108.553982
2010.524445, 108.672034
2010.557024, 108.671798
2010.589632, 108.78985
2010.622212, 108.789615
2010.654819, 108.907667
2010.687398, 108.90743
2010.687425, 109.025719
2010.720006, 109.025483
2010.752613, 109.143536
2010.785192, 109.1433
2010.817799, 109.261352
2010.850379, 109.261116
2010.882986, 109.379169
2010.915592, 109.497221
2010.948173, 109.496985
2010.98078, 109.615038
2011.01336, 109.614802
2011.045967, 109.732854
2011.078547, 109.732618
2011.078574, 109.850906
2011.111181, 109.968959
2011.143761, 109.968723
2011.176368, 110.086776
2011.208947, 110.08654
2011.241555, 110.204591
2011.274162, 110.322645
2011.306741, 110.322409
2011.339348, 110.440461
2011.371928, 110.440224
2011.404535, 110.558278
2011.437142, 110.67633
2011.469722, 110.676094
2011.502329, 110.794147
2011.534936, 110.912199
2011.567516, 110.911963
2011.567543, 111.030251
2011.600123, 111.030016
2011.63273, 111.148068
2011.665309, 111.147832
2011.697917, 111.265884
2011.730497, 111.265649
2011.763104, 111.383701
2011.79571, 111.501753
2011.82829, 111.501517
2011.860897, 111.61957
2011.893505, 111.737622
2011.926084, 111.737385
2011.926112, 111.855675
2011.958691, 111.855439
2011.991298, 111.973491
2012.023878, 111.973255
2012.056485, 112.091308
2012.089065, 112.091072
2012.121672, 112.209124
2012.154279, 112.327177
2012.186859, 112.326941
2012.219466, 112.444993
2012.252046, 112.444757
2012.284653, 112.56281
2012.28468, 112.681098
2012.31726, 112.680861
2012.349867, 112.798915
2012.382447, 112.798679
2012.415054, 112.916731
2012.447633, 112.916494
2012.447661, 113.034784
2012.48024, 113.034548
2012.512847, 113.1526
2012.545427, 113.152364
2012.578034, 113.270417
2012.610614, 113.270181
2012.643221, 113.388233
2012.643248, 113.506521
2012.675828, 113.506286
2012.708435, 113.624337
2012.741015, 113.624102
2012.773622, 113.742154
2012.806201, 113.741919
2012.806229, 113.860207
2012.838809, 113.859971
2012.871416, 113.978022
2012.903996, 113.977787
2012.936602, 114.09584
2012.969182, 114.095604
2012.96921, 114.213892
2013.001817, 114.331945
2013.034396, 114.331709
2013.067004, 114.449761
2013.099583, 114.449525
2013.13219, 114.567578
2013.16477, 114.567342
2013.164797, 114.68563
2013.197377, 114.685394
2013.229984, 114.803447
2013.262564, 114.803211
2013.295171, 114.921263
2013.327751, 114.921027
2013.327778, 115.039316
2013.360385, 115.157368
2013.392965, 115.157132
2013.425572, 115.275185
2013.458152, 115.274948
2013.490759, 115.393001
2013.523337, 115.392765
2013.523366, 115.511054
2013.555946, 115.510818
2013.588553, 115.62887
2013.621132, 115.628634
2013.653738, 115.746687
2013.686319, 115.746451
2013.686346, 115.864739
2013.718954, 115.982791
2013.751533, 115.982555
2013.784139, 116.100608
2013.81672, 116.100372
2013.849327, 116.218424
2013.881934, 116.336477
2013.914514, 116.336241
2013.947121, 116.454293
2013.979701, 116.454057
2014.012308, 116.57211
2014.044887, 116.571874
2014.044915, 116.690162
2014.077522, 116.808215
2014.110102, 116.807979
2014.142709, 116.926031
2014.175288, 116.925795
2014.175316, 117.044084
2014.207895, 117.043848
2014.240503, 117.1619
2014.27311, 117.279953
2014.305689, 117.279717
2014.338269, 117.279481
2014.370849, 117.279245
2014.403429, 117.279009
2014.436036, 117.39706
2014.468643, 117.515114
2014.50125, 117.633166
2014.533828, 117.63293
2014.533857, 117.751218
2014.566437, 117.750983
2014.599044, 117.869035
2014.631651, 117.987088
2014.664229, 117.986851
2014.664258, 118.10514
2014.696837, 118.104903
2014.729445, 118.222957
2014.762024, 118.222721
2014.794604, 118.222485
2014.827184, 118.222249
2014.859763, 118.222013
2014.892342, 118.221777
2014.892371, 118.340065
2014.92495, 118.339829
2014.95753, 118.339593
2014.99011, 118.339357
2015.022717, 118.457409
2015.055297, 118.457174
2015.055324, 118.575462
2015.087904, 118.575226
2015.120511, 118.693279
2015.153118, 118.811331
2015.185697, 118.811095
2015.185725, 118.929384
2015.218305, 118.929148
2015.250912, 119.0472
2015.283491, 119.046964
2015.316071, 119.046728
2015.348651, 119.046492
2015.381231, 119.046256
2015.381257, 119.164545
2015.381285, 119.282833
2015.381313, 119.401122
2015.413892, 119.400886
2015.446499, 119.518938
2015.479106, 119.63699
2015.479134, 119.755279
2015.511712, 119.755043
2015.511741, 119.87333
2015.544348, 119.991384
2015.576954, 120.109436
2015.576982, 120.227725
2015.609562, 120.227489
2015.642169, 120.34554
2015.642196, 120.463829
2015.674803, 120.581882
2015.707409, 120.699933
2015.73999, 120.699698
2015.740018, 120.817987
2015.772625, 120.936039
2015.772652, 121.054328
2015.805259, 121.17238
2015.837866, 121.290433
2015.870473, 121.408485
2015.90308, 121.526537
2015.935687, 121.64459
2015.935715, 121.762878
2015.968322, 121.880931
2016.000929, 121.998983
2016.033536, 122.117036
2016.033563, 122.235324
2016.066143, 122.235088
2016.09875, 122.35314
2016.098777, 122.471429
2016.131384, 122.589481
2016.163964, 122.589245
2016.163991, 122.707533
2016.196598, 122.825586
2016.196626, 122.943875
2016.229206, 122.943639
2016.261785, 122.943403
2016.294365, 122.943166
2016.326945, 122.942931
2016.359524, 122.942695
2016.392104, 122.942459
2016.424684, 122.942223
2016.457291, 123.060275
2016.424711, 123.060511
2016.392104, 122.942459
2016.359524, 122.942695
2016.326945, 122.942931
2016.294365, 122.943166
2016.261758, 122.825114
2016.229178, 122.82535
2016.261758, 122.825114
2016.294338, 122.824878
2016.326917, 122.824641
2016.359497, 122.824406
2016.392077, 122.824171
2016.424657, 122.823935
2016.457236, 122.823699
2016.489843, 122.941751
2016.52245, 123.059804
2016.555058, 123.177856
2016.587664, 123.295908
2016.620272, 123.413961
2016.652879, 123.532013
2016.685486, 123.650066
2016.718093, 123.768117
2016.750673, 123.767882
2016.78328, 123.885935
2016.815859, 123.885699
2016.815887, 124.003987
2016.848466, 124.003751
2016.881046, 124.003515
2016.913626, 124.003279
2016.946232, 124.121332
2016.97884, 124.239384
2017.01142, 124.239148
2017.043999, 124.238912
2017.076607, 124.356965
2017.109214, 124.475017
2017.109241, 124.593306
2017.141848, 124.711358
2017.174455, 124.82941
2017.207062, 124.947463
2017.239642, 124.947227
2017.272249, 125.065279
2017.304856, 125.183332
2017.337463, 125.301384
2017.370043, 125.301148
2017.37007, 125.419437
2017.40265, 125.419201
2017.43523, 125.418965
2017.467809, 125.418729
2017.500389, 125.418493
2017.532969, 125.418257
2017.565548, 125.418021
2017.598156, 125.536073
2017.630735, 125.535838
2017.663314, 125.535602
2017.695895, 125.535366
2017.728502, 125.653418
2017.761082, 125.653182
2017.761109, 125.771471
2017.793689, 125.771235
2017.826296, 125.889287
2017.858875, 125.889051
2017.891483, 126.007104
2017.924062, 126.006868
2017.956669, 126.12492
2017.989249, 126.124684
2018.021829, 126.124448
2018.054409, 126.124212
2018.054436, 126.242501
2018.087043, 126.360553
2018.08707, 126.478841
2018.087098, 126.59713
2018.119705, 126.715182
2018.152284, 126.714945
2018.184864, 126.71471
2018.217444, 126.714474
2018.250024, 126.714238
2018.282603, 126.714003
2018.31521, 126.832055
2018.347817, 126.950107
2018.380424, 127.06816
2018.413032, 127.186212
2018.445639, 127.304265
2018.478246, 127.422317
2018.510853, 127.54037
2018.54346, 127.658421
2018.576067, 127.776475
2018.608674, 127.894527
2018.641281, 128.012579
2018.673888, 128.130632
2018.706494, 128.248684
2018.739075, 128.248448
2018.739102, 128.366737
2018.771682, 128.366501
2018.804289, 128.484553
2018.836895, 128.602606
2018.869476, 128.60237
2018.869503, 128.720658
2018.902083, 128.720422
2018.93469, 128.838474
2018.96727, 128.838239
2018.967296, 128.956527
2018.967324, 129.074815
2018.967352, 129.193104
2018.967379, 129.311392
2018.967406, 129.429681
2018.967434, 129.547969
2019.000013, 129.547733
2019.032593, 129.547497
2019.03262, 129.665786
2019.0652, 129.66555
2019.09778, 129.665314
2019.13036, 129.665077
2019.162939, 129.664842
2019.195546, 129.782894
2019.228126, 129.782658
2019.260705, 129.782422
2019.293286, 129.782186
2019.325865, 129.78195
2019.358472, 129.900002
2019.3585, 130.018291
2019.358527, 130.13658
2019.391106, 130.136344
2019.423687, 130.136108
2019.456294, 130.25416
2019.488873, 130.253924
2019.488901, 130.372213
2019.52148, 130.371977
2019.554087, 130.490029
2019.586667, 130.489793
2019.619273, 130.607845
2019.651854, 130.60761
2019.684461, 130.725662
2019.717041, 130.725426
2019.717068, 130.843715
2019.749674, 130.961767
2019.782255, 130.961531
2019.814862, 131.079584
2019.814889, 131.197872
2019.847469, 131.197636
2019.880075, 131.315688
2019.912683, 131.433741
2019.94529, 131.551793
2019.977897, 131.669846
2020.010477, 131.66961
2020.043084, 131.787662
2020.075664, 131.787426
2020.108244, 131.787189
2020.108271, 131.905479
2020.140878, 132.023531
2020.140905, 132.14182
2020.173485, 132.141584
2020.206065, 132.141348
2020.238672, 132.2594
2020.271279, 132.377453
2020.303859, 132.377217
2020.336466, 132.495269
2020.369073, 132.613322
2020.401653, 132.613086
2020.43426, 132.731138
2020.466839, 132.730902
2020.499446, 132.848954
